# Created by Octave 4.2.1, Thu May 04 08:11:33 2017 JST <okatani@mb12.local>
# name: R
# type: matrix
# rows: 5
# columns: 20
 1 3 3 4 4 2 1 4 3 4 4 2 3 2 2 2 2 3 2 4
 2 2 2 3 3 2 2 3 3 3 3 2 3 2 3 3 2 2 2 3
 4 3 2 2 3 5 4 2 3 1 1 3 2 3 4 5 3 2 3 3
 4 3 2 3 3 4 4 3 3 2 2 3 2 2 4 4 3 3 3 3
 2 3 4 4 4 3 3 5 4 4 4 3 4 3 4 4 2 3 3 5



